    0           1.67090800           -91.754818                    0 
    1           1.34763700           -91.833806           -0.0789877 
    2           0.92498300           -91.951599            -0.196781 
    3           0.32105900           -91.977204            -0.222386 
    4           0.29438800           -91.977536            -0.222718 
    5           0.26850600           -91.987303            -0.232485 
    6           0.51352700           -91.990747            -0.235929 
    7           0.20981500           -91.995533            -0.240714 
    8           0.21072900           -91.996055            -0.241236 
    9           0.16315900           -91.997278             -0.24246 
   10           0.18458700           -91.999179            -0.244361 
   11           0.11387000           -92.000650            -0.245832 
   12           0.16888700           -92.002440            -0.247622 
   13           0.16484300           -92.003462            -0.248644 
   14           0.15172600           -92.005879             -0.25106 
   15           0.25429600           -92.007505            -0.252687 
   16           0.12272500           -92.008801            -0.253983 
   17           0.12028100           -92.008905            -0.254087 
   18           0.10672600           -92.009463            -0.254645 
   19           0.11927700           -92.010462            -0.255644 
   20           0.35554300           -92.009450            -0.254632 
   21           0.17615700           -92.010598            -0.255779 
   22           0.13399700           -92.011097            -0.256278 
   23           0.09545200           -92.011739             -0.25692 
   24           0.22728200           -92.011750            -0.256932 
   25           0.14053900           -92.011960            -0.257142 
   26           0.05448200           -92.012511            -0.257693 
   27           0.07590700           -92.012614            -0.257796 
   28           0.05821200           -92.012616            -0.257798 
   29           0.05216700           -92.012853            -0.258034 
   30           0.07501900           -92.013095            -0.258276 
   31           0.05804900           -92.013310            -0.258491 
   32           0.08574900           -92.013333            -0.258514 
   33           0.06648900           -92.013520            -0.258702 
   34           0.06650500           -92.013709            -0.258891 
   35           0.03859000           -92.013908             -0.25909 
   36           0.07031500           -92.014062            -0.259244 
   37           0.06350700           -92.014218              -0.2594 
   38           0.08263800           -92.014515            -0.259697 
   39           0.22368200           -92.014401            -0.259583 
   40           0.12754500           -92.014589            -0.259771 
   41           0.11270400           -92.014767            -0.259949 
   42           0.07273600           -92.015188             -0.26037 
   43           0.05669900           -92.015569            -0.260751 
   44           0.06846800           -92.015573            -0.260755 
   45           0.05036100           -92.015775            -0.260957 
   46           0.07031600           -92.015906            -0.261088 
   47           0.03700000           -92.016125            -0.261307 
   48           0.06107700           -92.016229            -0.261411 
   49           0.04075200           -92.016367            -0.261549 
   50           0.04209600           -92.016393            -0.261575 
   51           0.03465300           -92.016547            -0.261729 
   52           0.08652000           -92.016682            -0.261863 
   53           0.06716100           -92.016778             -0.26196 
   54           0.04673300           -92.016954            -0.262135 
   55           0.11934100           -92.016823            -0.262005 
   56           0.04751800           -92.016982            -0.262163 
   57           0.03881100           -92.017072            -0.262253 
   58           0.05467000           -92.017134            -0.262316 
   59           0.03813700           -92.017243            -0.262424 
   60           0.07399600           -92.017325            -0.262507 
   61           0.06253600           -92.017404            -0.262586 
   62           0.05314600           -92.017578             -0.26276 
   63           0.07924600           -92.017692            -0.262874 
   64           0.07224400           -92.017863            -0.263045 
   65           0.05820600           -92.018246            -0.263428 
   66           0.11825300           -92.018419              -0.2636 
   67           0.09758100           -92.018565            -0.263747 
   68           0.07476300           -92.018719              -0.2639 
   69           0.08858600           -92.018863            -0.264044 
   70           0.07963900           -92.019088            -0.264269 
   71           0.05806400           -92.019602            -0.264784 
   72           0.11685500           -92.019948             -0.26513 
   73           0.08626500           -92.020332            -0.265513 
   74           0.05185600           -92.020643            -0.265824 
   75           0.11121700           -92.020420            -0.265602 
   76           0.05571100           -92.020697            -0.265879 
   77           0.05883700           -92.021063            -0.266244 
   78           0.12162400           -92.021188             -0.26637 
   79           0.08913400           -92.021419              -0.2666 
   80           0.06841000           -92.021807            -0.266988 
   81           0.08395000           -92.021842            -0.267024 
   82           0.07401500           -92.022075            -0.267256 
   83           0.05712700           -92.022565            -0.267747 
   84           0.16001700           -92.022555            -0.267737 
   85           0.10681400           -92.022725            -0.267907 
   86           0.09136700           -92.023007            -0.268188 
   87           0.07434600           -92.023642            -0.268823 
   88           0.14095600           -92.024009            -0.269191 
   89           0.13169800           -92.024334            -0.269516 
   90           0.13163200           -92.025007            -0.270189 
   91           0.29928100           -92.024899            -0.270081 
   92           0.17782500           -92.025206            -0.270387 
   93           0.15915000           -92.025820            -0.271001 
   94           0.11020500           -92.027220            -0.272401 
   95           0.15945000           -92.027821            -0.273003 
   96           0.12128800           -92.028766            -0.273948 
   97           0.19065900           -92.029701            -0.274883 
   98           0.13808000           -92.031806            -0.276988 
   99           0.32998400           -92.034787            -0.279969 
  100           0.28179900           -92.036170            -0.281351 
  101           0.15590300           -92.038690            -0.283872 
  102           0.25855300           -92.034455            -0.279637 
  103           0.16966400           -92.038961            -0.284142 
  104           0.15403700           -92.040013            -0.285194 
  105           0.22627800           -92.042039            -0.287221 
  106           0.62398300           -92.041000            -0.286182 
  107           0.36457100           -92.042460            -0.287641 
  108           0.30486400           -92.043244            -0.288426 
  109           0.14301800           -92.044789             -0.28997 
  110           0.30503300           -92.044275            -0.289457 
  111           0.12668400           -92.045154            -0.290336 
  112           0.12238300           -92.045791            -0.290973 
  113           0.11033100           -92.047427            -0.292609 
  114           0.09805100           -92.049465            -0.294647 
  115           0.30509000           -92.048647            -0.293828 
  116           0.17066000           -92.049922            -0.295104 
  117           0.14090100           -92.051243            -0.296425 
  118           0.17006500           -92.054006            -0.299187 
  119           0.45377200           -92.054172            -0.299353 
  120           0.30502400           -92.054984            -0.300166 
  121           0.15712900           -92.056210            -0.301392 
  122           0.11345200           -92.056855            -0.302036 
  123           0.10709700           -92.057446            -0.302628 
  124           0.08933900           -92.058789             -0.30397 
  125           0.07341000           -92.059576            -0.304758 
  126           0.06408600           -92.059621            -0.304802 
  127           0.06891900           -92.060068             -0.30525 
  128           0.18314000           -92.060435            -0.305616 
  129           0.15295300           -92.060654            -0.305836 
  130           0.06816500           -92.061080            -0.306261 
  131           0.18044700           -92.060926            -0.306107 
  132           0.08494300           -92.061181            -0.306363 
  133           0.07882700           -92.061358            -0.306539 
  134           0.06073100           -92.061812            -0.306994 
  135           0.04732900           -92.062391            -0.307573 
  136           0.07747400           -92.062247            -0.307429 
  137           0.04727800           -92.062545            -0.307726 
  138           0.06929200           -92.062861            -0.308043 
  139           0.17050400           -92.063109            -0.308291 
  140           0.15459000           -92.063230            -0.308412 
  141           0.10717800           -92.063528             -0.30871 
  142           0.06523400           -92.063835            -0.309016 
  143           0.07046400           -92.063854            -0.309036 
  144           0.06784400           -92.063983            -0.309164 
  145           0.06134200           -92.064325            -0.309506 
  146           0.04893100           -92.064838             -0.31002 
  147           0.07474000           -92.065137            -0.310318 
  148           0.10756200           -92.065261            -0.310443 
  149           0.06390700           -92.065292            -0.310473 
  150           0.04310400           -92.065571            -0.310753 
  151           0.05740100           -92.065620            -0.310802 
  152           0.06261900           -92.065741            -0.310923 
  153           0.05873700           -92.065742            -0.310924 
  154           0.02806300           -92.065863            -0.311044 
  155           0.03026700           -92.065893            -0.311075 
  156           0.03729400           -92.065875            -0.311057 
  157           0.03244600           -92.065898             -0.31108 
  158           0.02878400           -92.065986            -0.311168 
  159           0.03389600           -92.066154            -0.311336 
  160           0.03273400           -92.066231            -0.311413 
  161           0.04231500           -92.066234            -0.311415 
  162           0.04368200           -92.066281            -0.311462 
  163           0.04811400           -92.066381            -0.311563 
  164           0.05809900           -92.066404            -0.311586 
  165           0.05198300           -92.066424            -0.311605 
  166           0.04237700           -92.066475            -0.311656 
  167           0.02984300           -92.066478            -0.311659 
  168           0.02450900           -92.066528             -0.31171 
  169           0.02088200           -92.066588             -0.31177 
  170           0.02210300           -92.066626            -0.311807 
  171           0.04672400           -92.066633            -0.311814 
  172           0.04231700           -92.066647            -0.311828 
  173           0.02617900           -92.066676            -0.311858 
  174           0.04256500           -92.066671            -0.311853 
  175           0.03091100           -92.066683            -0.311865 
  176           0.02674500           -92.066695            -0.311877 
  177           0.02154700           -92.066715            -0.311897 
  178           0.03265800           -92.066716            -0.311898 
  179           0.02578600           -92.066726            -0.311907 
  180           0.01182400           -92.066740            -0.311922 
  181           0.01326200           -92.066741            -0.311922 
  182           0.01190200           -92.066746            -0.311928 
  183           0.00967800           -92.066758             -0.31194 
