Ag  
Au  
Co  
Cu  
Ir  
Ni  
Pd  
Pt  
Rh  
Ag      0           0.00831400           -60.330283                    0 
Au      1           0.00919100           -61.038756            -9.49e-06 
Co      5           0.00879600           -71.441748          -0.00071757 
Cu      0           0.00955700           -63.751039                    0 
Ir      0           0.00697500           -77.426363                    0 
Ni      1           0.00856000           -68.573604          -0.00010874 
Pd      0           0.00858400           -67.325704                    0 
Pt      0           0.00925000           -69.530951                    0 
Rh      0           0.00240500           -73.385724                    0 
--------------------------------
Ag     86           0.00981800           -74.588571            -0.134529 
Au     53           0.00985000           -75.460122            -0.217645 
Co     98           0.00990400           -86.612139            -0.174806 
Cu    122           0.00743700           -78.003944            -0.502198 
Ir    121           0.15712900           -92.056210            -0.301392 
Ni    117           0.00953900           -83.034191            -0.130656 
Pd    155           0.05183200           -81.867506            -0.124329 
Pt    132           0.04731900           -84.119047            -0.104915 
Rh    121           0.08047400           -87.925909            -0.294003 
------------------------
Ag     86           0.00981800           -74.588571            -0.134529 
Au     53           0.00985000           -75.460122            -0.217645 
Co     98           0.00990400           -86.612139            -0.174806 
Cu    122           0.00743700           -78.003944            -0.502198 
Ir    183           0.00967800           -92.066758             -0.31194 
Ni    117           0.00953900           -83.034191            -0.130656 
Pd    175           0.00779900           -81.867727             -0.12455 
Pt    200           0.02866700           -84.124423            -0.110291 
Rh    157           0.00870400           -87.930924            -0.299018 
Ag     86           0.00981800           -74.588571            -0.134529 
Au     53           0.00985000           -75.460122            -0.217645 
Co     98           0.00990400           -86.612139            -0.174806 
Cu    122           0.00743700           -78.003944            -0.502198 
Ir    183           0.00967800           -92.066758             -0.31194 
Ni    117           0.00953900           -83.034191            -0.130656 
Pd    175           0.00779900           -81.867727             -0.12455 
Pt      3           0.00853400           -84.124496            -3.66e-05 
Rh    157           0.00870400           -87.930924            -0.299018 
