    0           1.40038500           -81.743177                    0 
    1           1.06035600           -81.794985           -0.0518083 
    2           0.56814800           -81.843874            -0.100697 
    3           0.25482300           -81.854405            -0.111228 
    4           0.25416900           -81.854405            -0.111228 
    5           0.25032800           -81.858179            -0.115002 
    6           0.28256100           -81.858209            -0.115032 
    7           0.11319200           -81.861150            -0.117972 
    8           0.10351600           -81.861662            -0.118485 
    9           0.10927300           -81.861675            -0.118498 
   10           0.07790800           -81.862261            -0.119084 
   11           0.07847200           -81.862451            -0.119274 
   12           0.05023100           -81.862874            -0.119697 
   13           0.07625800           -81.863038            -0.119861 
   14           0.08032200           -81.863203            -0.120026 
   15           0.04630100           -81.863223            -0.120046 
   16           0.03778900           -81.863370            -0.120193 
   17           0.05838300           -81.863419            -0.120242 
   18           0.02976600           -81.863559            -0.120382 
   19           0.03520500           -81.863570            -0.120392 
   20           0.02380000           -81.863663            -0.120486 
   21           0.04750200           -81.863782            -0.120605 
   22           0.03604000           -81.863829            -0.120651 
   23           0.03917600           -81.863859            -0.120682 
   24           0.03674700           -81.863913            -0.120736 
   25           0.03790000           -81.864009            -0.120831 
   26           0.06412800           -81.863928             -0.12075 
   27           0.04434800           -81.864030            -0.120853 
   28           0.02678200           -81.864093            -0.120915 
   29           0.04141300           -81.864106            -0.120929 
   30           0.03112900           -81.864152            -0.120975 
   31           0.04380700           -81.864157             -0.12098 
   32           0.02959800           -81.864212            -0.121034 
   33           0.02060000           -81.864232            -0.121054 
   34           0.01820700           -81.864266            -0.121088 
   35           0.06258100           -81.864289            -0.121112 
   36           0.06130600           -81.864299            -0.121122 
   37           0.05480900           -81.864324            -0.121147 
   38           0.04210800           -81.864357             -0.12118 
   39           0.03615800           -81.864359            -0.121182 
   40           0.02941800           -81.864374            -0.121197 
   41           0.02404100           -81.864389            -0.121212 
   42           0.02771200           -81.864411            -0.121234 
   43           0.01904500           -81.864429            -0.121252 
   44           0.01995100           -81.864449            -0.121272 
   45           0.01824100           -81.864467            -0.121289 
   46           0.02416600           -81.864498            -0.121321 
   47           0.04322700           -81.864477              -0.1213 
   48           0.02807000           -81.864501            -0.121324 
   49           0.02210400           -81.864526            -0.121348 
   50           0.01536800           -81.864573            -0.121396 
   51           0.03373900           -81.864553            -0.121376 
   52           0.01588400           -81.864582            -0.121405 
   53           0.01253700           -81.864609            -0.121432 
   54           0.03744100           -81.864629            -0.121451 
   55           0.03519700           -81.864642            -0.121465 
   56           0.02948200           -81.864673            -0.121496 
   57           0.02971900           -81.864710            -0.121533 
   58           0.06846200           -81.864714            -0.121537 
   59           0.04186800           -81.864724            -0.121547 
   60           0.03425200           -81.864753            -0.121576 
   61           0.01833500           -81.864810            -0.121633 
   62           0.04197600           -81.864809            -0.121632 
   63           0.02011100           -81.864831            -0.121654 
   64           0.01833600           -81.864859            -0.121681 
   65           0.01607800           -81.864929            -0.121751 
   66           0.02821600           -81.864992            -0.121815 
   67           0.01719700           -81.865028            -0.121851 
   68           0.02442900           -81.865035            -0.121858 
   69           0.03886500           -81.865035            -0.121858 
   70           0.03649500           -81.865063            -0.121886 
   71           0.03808300           -81.865117             -0.12194 
   72           0.07264500           -81.865143            -0.121966 
   73           0.05607000           -81.865145            -0.121968 
   74           0.03582700           -81.865220            -0.122043 
   75           0.05359000           -81.865262            -0.122084 
   76           0.03587800           -81.865325            -0.122148 
   77           0.04351900           -81.865349            -0.122172 
   78           0.03185400           -81.865405            -0.122228 
   79           0.03468200           -81.865477              -0.1223 
   80           0.03966400           -81.865537             -0.12236 
   81           0.04353200           -81.865536            -0.122359 
   82           0.04117300           -81.865592            -0.122415 
   83           0.04133500           -81.865707             -0.12253 
   84           0.06585900           -81.865723            -0.122546 
   85           0.05055500           -81.865757             -0.12258 
   86           0.04448100           -81.865822            -0.122645 
   87           0.04407700           -81.865827            -0.122649 
   88           0.02496700           -81.865921            -0.122744 
   89           0.03715000           -81.865953            -0.122775 
   90           0.02534500           -81.866014            -0.122837 
   91           0.03502000           -81.866020            -0.122843 
   92           0.02662900           -81.866070            -0.122893 
   93           0.02418000           -81.866070            -0.122892 
   94           0.01973600           -81.866110            -0.122933 
   95           0.02545800           -81.866134            -0.122956 
   96           0.03142100           -81.866161            -0.122983 
   97           0.03202400           -81.866158            -0.122981 
   98           0.02423300           -81.866178            -0.123001 
   99           0.02645200           -81.866187             -0.12301 
  100           0.02094200           -81.866212            -0.123035 
  101           0.03128900           -81.866225            -0.123047 
  102           0.02481300           -81.866231            -0.123053 
  103           0.02443600           -81.866274            -0.123097 
  104           0.05031800           -81.866292            -0.123115 
  105           0.04283600           -81.866310            -0.123133 
  106           0.01987100           -81.866345            -0.123168 
  107           0.02564700           -81.866354            -0.123176 
  108           0.02343300           -81.866370            -0.123193 
  109           0.02357300           -81.866405            -0.123228 
  110           0.05822000           -81.866408            -0.123231 
  111           0.04620000           -81.866418            -0.123241 
  112           0.03717000           -81.866433            -0.123256 
  113           0.01654700           -81.866460            -0.123283 
  114           0.04275900           -81.866444            -0.123267 
  115           0.02261000           -81.866461            -0.123284 
  116           0.01991000           -81.866470            -0.123293 
  117           0.01732700           -81.866493            -0.123316 
  118           0.03441800           -81.866520            -0.123342 
  119           0.02386100           -81.866532            -0.123355 
  120           0.02505400           -81.866546            -0.123369 
  121           0.02105200           -81.866558            -0.123381 
  122           0.02558100           -81.866577              -0.1234 
  123           0.02060200           -81.866593            -0.123415 
  124           0.03747900           -81.866601            -0.123424 
  125           0.03531100           -81.866609            -0.123432 
  126           0.02885700           -81.866630            -0.123453 
  127           0.02588100           -81.866639            -0.123462 
  128           0.02194900           -81.866658            -0.123481 
  129           0.04439500           -81.866677              -0.1235 
  130           0.03998800           -81.866694            -0.123517 
  131           0.02774800           -81.866728            -0.123551 
  132           0.02950000           -81.866764            -0.123587 
  133           0.03633200           -81.866773            -0.123596 
  134           0.03108200           -81.866795            -0.123618 
  135           0.02289600           -81.866845            -0.123668 
  136           0.05752000           -81.866870            -0.123693 
  137           0.04397200           -81.866876            -0.123699 
  138           0.03394000           -81.866898             -0.12372 
  139           0.03407300           -81.866932            -0.123755 
  140           0.04160400           -81.866939            -0.123762 
  141           0.03707200           -81.866973            -0.123796 
  142           0.02972600           -81.867054            -0.123877 
  143           0.04319800           -81.867090            -0.123913 
  144           0.02741100           -81.867097             -0.12392 
  145           0.03371300           -81.867095            -0.123918 
  146           0.03136900           -81.867138            -0.123961 
  147           0.03346700           -81.867153            -0.123976 
  148           0.05612100           -81.867163            -0.123985 
  149           0.04990800           -81.867199            -0.124021 
  150           0.03139400           -81.867274            -0.124097 
  151           0.01964500           -81.867376            -0.124199 
  152           0.02685000           -81.867376            -0.124199 
  153           0.02038100           -81.867408            -0.124231 
  154           0.02136500           -81.867479            -0.124302 
  155           0.05183200           -81.867506            -0.124329 
  156           0.03503100           -81.867507             -0.12433 
  157           0.04246800           -81.867510            -0.124333 
  158           0.04054200           -81.867515            -0.124337 
  159           0.03141800           -81.867542            -0.124365 
  160           0.02935400           -81.867563            -0.124385 
  161           0.02285800           -81.867580            -0.124402 
  162           0.01582800           -81.867615            -0.124438 
  163           0.01145900           -81.867631            -0.124454 
  164           0.01407400           -81.867642            -0.124465 
  165           0.01085000           -81.867658            -0.124481 
  166           0.02451100           -81.867668            -0.124491 
  167           0.01977600           -81.867672            -0.124495 
  168           0.01004800           -81.867679            -0.124502 
  169           0.02186700           -81.867677              -0.1245 
  170           0.01408500           -81.867682            -0.124505 
  171           0.01321500           -81.867687             -0.12451 
  172           0.01180900           -81.867701            -0.124524 
  173           0.01775700           -81.867700            -0.124522 
  174           0.01348700           -81.867709            -0.124532 
  175           0.00779900           -81.867727             -0.12455 
